# Position (bp)	A	C	G	T	N
0.0	29.701908343634177	19.975490230286926	18.14501403792084	29.866498225969778	2.3110891621882748
1.0	30.607161556847235	19.556901570387197	19.964255441564056	29.867985145150932	0.0036962860505859083
2.0	29.998071490429464	19.975661854402954	20.128704347880934	29.894461660541626	0.003100646745026965
3.0	29.537489455375958	20.260646596246364	20.307580362875786	29.89064255496558	0.0036410305363110142
4.0	29.71290508707468	19.936086161303216	20.404915927517397	29.943612675580432	0.0024801485242713305
5.0	29.743182923231444	20.247567263015124	20.495190756485265	29.511567811986904	0.0024912452812630133
6.0	29.692077829209936	20.007551393503512	20.55819961353494	29.736530615654345	0.00564054809727118
7.0	29.72878415086163	20.226067813148788	20.255430359270292	29.78726077033914	0.002456906380143607
8.0	29.580542515023016	20.23756340241202	20.16567271214605	30.015462952965542	7.584174533624065E-4
9.0	29.66546737502523	20.309393619652834	20.27628782728548	29.74418331561876	0.004667862417696249
10.0	29.660196814754237	20.219524383368356	20.255144174602663	29.856811481141847	0.008323146132894492
11.0	29.705142988614774	20.24810595379213	20.217662337539604	29.82840930307869	6.794169747997907E-4
12.0	29.658420620974606	20.200784676742735	20.172971468560416	29.96757266550867	2.5056821357887535E-4
13.0	29.639850656767653	20.239496670432747	20.2074957844495	29.904514340181805	0.00864254816830186
14.0	29.621400125557578	20.260668259611457	20.238144647608294	29.87613443066489	0.0036525365577784324
15.0	29.608175785308514	20.24914905935943	20.25348026031196	29.885508430414625	0.003686464605469261
16.0	29.585484817853313	20.239062070868204	20.2763104681313	29.891115184892247	0.008027458254933647
17.0	29.51279431109608	20.320985533517756	20.267147266854334	29.897960560256898	0.0011123282749352463
18.0	29.482915172225987	20.3832019982598	20.26923054053196	29.8635496709939	0.0011026179883546162
19.0	29.45176030164965	20.42116586910762	20.311173058285746	29.8117446063456	0.0041561646113860515
20.0	29.48900135164743	20.362075597435457	20.340754091847543	29.802987826827653	0.005181132241913193
21.0	29.454517125777407	20.39971055101738	20.363269761393695	29.776561792830154	0.005940768981364822
22.0	29.411133579146277	20.405574933611593	20.38275973722887	29.798738264675105	0.0017934853381576092
23.0	29.408855627455626	20.479141022745143	20.40333805930666	29.705789185169763	0.0028761053228114177
24.0	29.41917183868266	20.4642102140428	20.409404262567378	29.700754598794383	0.006459085912770644
25.0	29.439926878100415	20.40559989379675	20.46177455217585	29.68560268133657	0.007095994590420372
26.0	29.400597522250532	20.449105914280942	20.467921194762436	29.674414969134975	0.007960399571109437
27.0	29.41832280403948	20.480210382420285	20.450877931509545	29.640839076821575	0.009749805209113525
28.0	29.418475908796022	20.485441933004992	20.45193073163708	29.636539682232964	0.007611744328939366
29.0	29.339973359139904	20.500155746843703	20.52689090420957	29.631343121336606	0.0016368684702178556
30.0	29.361151237685657	20.478907874568147	20.537777168294646	29.61860012455392	0.0035635948976299905
31.0	29.36431849279198	20.49502776174278	20.54132760534766	29.589575029191213	0.00975111092636734
32.0	29.35543084031686	20.508028788313343	20.52289911649783	29.612122540441675	0.001518714430294144
33.0	29.40177255249351	20.504665554575592	20.535270391386103	29.55474166145296	0.003549840091835269
34.0	29.334533629097102	20.54995726982512	20.56861469940422	29.541789197475595	0.00510520419796617
35.0	29.360458277536573	20.546502970156517	20.541733784999114	29.5512044423554	1.0052495239568496E-4
36.0	29.352150827923783	20.524765847958317	20.521060959824837	29.59288643620229	0.009135928090779757
37.0	29.321239860149184	20.52808302843404	20.558712491332017	29.587148539173285	0.004816080911479677
38.0	29.31337221016937	20.562316868432386	20.566919686523388	29.551947421072583	0.005443813802272542
39.0	29.297070663232706	20.56049589153461	20.58210893197189	29.555218293135454	0.005106220125340567
40.0	29.365951428622484	20.51833939280436	20.580135069474885	29.531408453417267	0.004165655681001091
41.0	29.34414556359141	20.52920475373424	20.596573413502174	29.526823847257393	0.003252421914775038
42.0	29.283724262744908	20.551771674463243	20.58640986771641	29.571210162376865	0.006884032698572372
43.0	29.292696423362685	20.59821096351119	20.558655182932455	29.54548299993603	0.004954430257636095
44.0	29.291311407478254	20.615530666750338	20.55924414116491	29.532360390644907	0.0015533939615900824
45.0	29.316744604746543	20.577362513015476	20.58665075731608	29.515376440951485	0.003865683970419663
46.0	29.323993619975493	20.574805744605637	20.610088460644867	29.485026746759814	0.006085428014186856
47.0	29.26691549741834	20.599656583513294	20.596030099787875	29.52975510219896	0.00764271708153421
48.0	29.295703444285838	20.653408176897834	20.55947342456458	29.48942000241301	0.0019949518387427957
49.0	29.308470158538036	20.627198522577764	20.571224220221364	29.476573868233473	0.016533230429367603
50.0	29.321809294590583	20.612303137905638	20.553842836692304	29.508003538501736	0.004041192309733282
51.0	29.311777115076854	20.607349180694634	20.59458607917409	29.48399811575413	0.002289509300290378
52.0	29.29440346295061	20.60259757322746	20.565437507471486	29.527971011616327	0.00959044473411421
53.0	29.293066259667366	20.616919256489822	20.57650547623492	29.502815577882778	0.010693429725110708
54.0	29.29056442312867	20.63791672947513	20.603227429323432	29.467477541291338	8.138767814274087E-4
55.0	29.30077393204141	20.625540971691773	20.5977227920249	29.467535597790285	0.00842670645163774
56.0	29.326780290313582	20.564241396842736	20.619134082476766	29.486420571546102	0.0034236588208095935
57.0	29.30851169039837	20.593471912425265	20.585253111971298	29.507141176683238	0.0056221085218283165
58.0	29.336259834868144	20.596966826826684	20.601354055447956	29.46249473426736	0.0029245485898593947
59.0	29.33679440492537	20.653181587267234	20.580711161390283	29.421009108283897	0.00830373813322118
60.0	29.358942651764536	20.632171375762763	20.570754895797812	29.43401596950745	0.004115107167441045
61.0	29.303520234087838	20.6535760471379	20.552577700135803	29.487350323505236	0.0029756951332236266
62.0	29.28492831194204	20.64941534036225	20.54599494209634	29.494613279321968	0.0250481262774093
63.0	29.31901038132087	20.65217715490183	20.574874020718475	29.45103167965381	0.0029067634050152238
64.0	29.324044768679368	20.618198857473296	20.588978178902167	29.46801800416369	7.601907814823726E-4
65.0	29.322988288836832	20.622644275978683	20.57748072181845	29.47104144203228	0.005845271333756461
66.0	29.304732630930975	20.64079973754967	20.569438583349147	29.480235392827105	0.0047936553431042785
67.0	29.294991146223126	20.699148994669443	20.507830466034665	29.493663313729492	0.004366079343271537
68.0	29.299571428434014	20.695026746619728	20.491342561713292	29.509252094273066	0.004807168959899654
69.0	29.292970046567035	20.684655265434575	20.54909942697618	29.46257587323351	0.010699387788701657
70.0	29.30537710240535	20.663629846084714	20.5826037299627	29.44469858064565	0.0036907409015850424
71.0	29.280138933823903	20.68511079416729	20.59502407025772	29.436490704942987	0.0032354968081065036
72.0	29.28679446134246	20.668582611674854	20.557339743118526	29.478378770278336	0.008904413585825182
73.0	29.31867734221053	20.657112033755396	20.57845393882016	29.44320990033668	0.002546784877225493
74.0	29.28786483910538	20.656505497396488	20.570898024718193	29.474892777094386	0.00983886168555004
75.0	29.310057293616747	20.660241402892087	20.571301079678893	29.44508944370922	0.013310780103046878
76.0	29.322875529332254	20.657340322592034	20.553366508033264	29.456615417679803	0.009802222362647038
77.0	29.28052559333108	20.667216794283767	20.56352875039576	29.48616706439108	0.0025617975983117064
78.0	29.302018188150488	20.654323133960027	20.58712141245512	29.44767723125583	0.008860034178536064
79.0	29.26632841535004	20.690394305202584	20.60786232566287	29.43218289377642	0.0032320600080853884
80.0	29.297160595425076	20.67183491042157	20.57989910527873	29.447387906413585	0.003717482461040266
81.0	29.314082737754198	20.634621742056012	20.587979147726404	29.452670938479365	0.01064543398402453
82.0	29.344522486123616	20.574259619512393	20.599494449956282	29.47700003060692	0.004723413800786454
83.0	29.313112304890694	20.601028390623746	20.614304680433364	29.467190456519752	0.004364167532442807
84.0	29.30436118303234	20.675377615814405	20.561455097373376	29.45405228323541	0.004753820544473162
85.0	29.325675921601956	20.668536944892598	20.539003200511587	29.460948982014333	0.005834950979516845
86.0	29.323226496360995	20.66876706107247	20.51800487847917	29.489271494983722	7.300691036485338E-4
87.0	29.29174009222689	20.65467453003472	20.555358081250986	29.49535334996979	0.002873946517624765
88.0	29.326174604316673	20.63419303934469	20.565393794458352	29.449192766312454	0.02504579556782642
89.0	29.322323326892928	20.655714404519347	20.569355847901598	29.44964002072447	0.0029663999616528097
90.0	29.293418318116416	20.65702709969892	20.553564193172125	29.491894287990718	0.004096101021823854
91.0	29.293689759806878	20.665513927087435	20.53458682033342	29.497930760055734	0.008278732716530764
92.0	29.301345772220856	20.68313135698147	20.493906819081044	29.518730761762583	0.002885289954044505
93.0	29.320687370556648	20.676467801793798	20.50543879174553	29.491845043877063	0.00556099202696344
94.0	29.314785473710884	20.71328561230631	20.48830051686736	29.480201409770984	0.0034269873444560087
95.0	29.317241949423718	20.685909963670365	20.539271453253225	29.449154580831017	0.008422052821680546
96.0	29.33118905994702	20.672621670561213	20.528286844916682	29.467142095884146	7.603286909339823E-4
97.0	29.34178477996462	20.65401829685964	20.522997735755844	29.470530710576536	0.010668476843357519
98.0	29.341439184022388	20.6543257605251	20.51530252752844	29.479312809910706	0.009619718013368922
99.0	29.312480924727296	20.68575155420487	20.520245939613886	29.479286095377827	0.002235486076122469
100.0	29.34885004105278	20.640026814799313	20.530916910686546	29.476210133143947	0.003996100317408669
101.0	29.341939251594106	20.64169223944213	20.52297168985458	29.476874673846897	0.01652214526228964
102.0	29.33275925055962	20.638259471278474	20.55795856823019	29.46907929480666	0.0019434151250522001
103.0	29.34926897404406	20.67853476216302	20.513953793409637	29.450612313630653	0.007630156752625053
104.0	29.327582444030842	20.6937682188194	20.50042922451916	29.47214698329752	0.006073129333081745
105.0	29.373098456300262	20.654464203086178	20.497366136912706	29.471283389581128	0.003787814119723508
106.0	29.39059098687691	20.61561578936231	20.51855457447423	29.473727110567673	0.0015115387188826721
107.0	29.386774729594766	20.629207824009868	20.50414467829819	29.475008158244307	0.00486460985286913
108.0	29.390029272220325	20.659330368736935	20.472890779831154	29.47089922005684	0.006850359154748079
109.0	29.36094566907364	20.66769872543908	20.45312963212958	29.51500345688995	0.003222516467744127
110.0	29.381864745835433	20.6430414698513	20.441574644410913	29.52942355410906	0.004095585793291703
111.0	29.42710461121163	20.629877539790662	20.459867480553065	29.478064582334536	0.005085786110101802
112.0	29.409719652084256	20.625312270912822	20.469674220346835	29.48991738566959	0.005376470986495959
113.0	29.42299778498904	20.61403582035291	20.451579855647005	29.506629966589077	0.004756572421965497
114.0	29.440382989024787	20.589731640123137	20.45545853546985	29.505345322693405	0.009081512688821044
115.0	29.42018922645435	20.594662195714665	20.473526643193885	29.511608053277026	1.3881360065610165E-5
116.0	29.418620360341173	20.622078596836168	20.44452034779671	29.50972348655648	0.0050572084694686095
117.0	29.41090128814472	20.604821961763463	20.409998026956504	29.570774061718442	0.003504661416870503
118.0	29.441255395916254	20.59270118245358	20.430705536969842	29.533884850112074	0.0014530345482418338
119.0	29.444592251534857	20.614227661726606	20.428024380022993	29.503414549062434	0.009741157653110509
120.0	29.481499343066382	20.600844560623003	20.418399864162673	29.495768335067	0.003487897080943322
121.0	29.519765611426784	20.56352644093718	20.404619197087605	29.510423210789753	0.0016655397586759811
122.0	29.492780100277983	20.522314532722728	20.395939871570533	29.58130798718014	0.007657508248616062
123.0	29.484930650781198	20.518660294078767	20.406108005940762	29.580529701064822	0.009771348134450804
124.0	29.521633062289492	20.531655767623075	20.394200814954512	29.544523205995425	0.007987149137493658
125.0	29.55433731480481	20.52431719086924	20.33732660289903	29.576880923790434	0.007137967636488866
126.0	29.590841241746883	20.457504140495942	20.367428674602035	29.577717585243818	0.0065083579113200726
127.0	29.579180707119956	20.463673434573877	20.386378546889507	29.567900676550966	0.0028666348656933194
128.0	29.635459518595987	20.450817613794776	20.34388991375737	29.56801448949339	0.0018184643584792715
129.0	29.635696546588814	20.442817531321303	20.337633161351874	29.577862285514296	0.005990475223712981
130.0	29.68083605109171	20.403841606396167	20.295770251730755	29.61436426953584	0.005187821245531741
131.0	29.693849510669416	20.365118935813726	20.319325992887354	29.617514888763917	0.0041906718655893875
132.0	29.722308268208785	20.338350151709843	20.29421877499474	29.644012131242945	0.0011106738436842617
133.0	29.730877907519478	20.34109584769019	20.25079892129105	29.67612314484487	0.0011041786544123968
134.0	29.744869503653543	20.35425605033449	20.183584619359937	29.709220180889346	0.008069645762680567
135.0	29.76017074370961	20.31295326759843	20.18059832282683	29.742549622293197	0.003728043571932155
136.0	29.75965408705838	20.284835860123064	20.16048799168347	29.791337877146525	0.0036841839885657667
137.0	29.774199846285192	20.263976053024738	20.14876798709169	29.80435435522079	0.008701758377580611
138.0	29.805708051463885	20.235563130699266	20.122850686519488	29.835637113850005	2.4101746735116618E-4
139.0	29.680002074192547	20.293517093731552	20.185676141676623	29.840123107097227	6.815833020511041E-4
140.0	29.72665042739101	20.308027585920307	20.146807621213956	29.810126902847845	0.008387462626879475
141.0	29.636089217793977	20.328588800920677	20.20351344220636	29.82706029855333	0.004748240525650485
142.0	29.88685334378813	20.233408299713624	20.155273222296284	29.723709723428144	7.554107738246149E-4
143.0	29.646907584461545	20.33255094122901	20.148472532755836	29.869618289105993	0.0024506524476206834
144.0	29.60105821842966	20.630902040280464	19.950992550297908	29.81134359458455	0.005703596407420591
145.0	29.383458496029487	20.540181481085668	20.197357072360223	29.87651133584745	0.002491614677170647
146.0	29.83364773869523	20.441725208706295	19.85480014142369	29.867312821188662	0.0025140899861218436
147.0	29.77326447003612	20.371188857291457	20.172241224968136	29.67963108171851	0.00367436598577573
148.0	29.749475377317978	20.19138354421017	19.90109296389192	30.154964341141817	0.0030837734381150045
149.0	29.728604202194802	20.017947920779402	19.49851660423069	30.75120974941214	0.003721523382962639
150.0	29.73957723685668	18.17507234454496	19.920420635063035	29.840846435572242	2.3240833479630787
151.0	NaN	NaN	NaN	NaN	NaN
