# Position (bp)	A	C	G	T	N
0.0	30.525644806681324	20.118339579336673	18.251881748188083	30.373613102593943	0.7305207631999724
1.0	30.82651096455034	19.341909766981388	19.868172618670283	29.95366353557087	0.009743114227117008
2.0	30.17126053611024	19.79748680221876	19.930073007776038	30.096142787782277	0.005036866112684825
3.0	29.754294087847654	20.056436051337926	20.108015130814184	30.076616827981194	0.004637902019041781
4.0	29.897982293371456	19.735859250679024	20.220342459861556	30.138765114725857	0.007050881362102011
5.0	29.917710625120126	20.037207360287578	20.31152685674731	29.733110209700985	4.4494814399916E-4
6.0	29.87224736672393	19.83849293591186	20.384856517572356	29.897541260277094	0.006861919514758623
7.0	29.903257742743456	20.043279318289855	20.062154322271137	29.990555690129167	7.529265663849467E-4
8.0	29.746475115411346	20.049399511547858	19.992200957388633	30.2014966521971	0.010427763455060272
9.0	29.842239969666657	20.11565705443218	20.101753135743902	29.939641497906127	7.083422511346828E-4
10.0	29.85149168806841	20.019403424118913	20.073680152954058	30.05396901288319	0.0014557219754269314
11.0	29.878029111777067	20.042566247764768	20.0490983199966	30.022276082709908	0.008030237751655797
12.0	29.839522520810508	20.000168799689696	19.99198632910852	30.167684114159776	6.382362314985153E-4
13.0	29.81479878326975	20.043897775817342	20.02656857446495	30.11335903615254	0.0013758302954188842
14.0	29.790343756995437	20.071552678613553	20.054650904169627	30.081475312029898	0.0019773481914854294
15.0	29.775629298342704	20.058246723320305	20.072817710815833	30.092743312607546	5.629549136117941E-4
16.0	29.75027263431546	20.055429457254906	20.105027590626975	30.087575205216314	0.0016951125863472292
17.0	29.68540621748619	20.126093088585346	20.087111896753136	30.09136494984277	0.010023847332565734
18.0	29.66455750900694	20.181788870679874	20.093206566653894	30.058802139951275	0.0016449137080201896
19.0	29.632141648823033	20.21420024833428	20.14604477093967	30.004107520548747	0.0035058113542697556
20.0	29.674209838046018	20.15768918108146	20.17129673210914	29.996592421515956	2.118272474291035E-4
21.0	29.647101759653065	20.196190173595927	20.190659654707783	29.965640506722472	4.0790532074601457E-4
22.0	29.59120883133744	20.207337136512578	20.200947680787227	29.99715878101511	0.0033475703476423062
23.0	29.589101398815753	20.275303905501225	20.220739658941508	29.914569273638204	2.857631033075771E-4
24.0	29.588470040129494	20.28357436450032	20.22499234060413	29.902048833945255	9.14420820805414E-4
25.0	29.625558950593756	20.22431577680569	20.28026439086511	29.866866664631004	0.00299421710444021
26.0	29.5894053138499	20.256627921513996	20.280071917704092	29.868130875931985	0.005763971000026316
27.0	29.602241394192696	20.274091168992232	20.27082928665188	29.8523725790727	4.655710904909903E-4
28.0	29.601569545367763	20.28785555316346	20.27629970489376	29.83356484545321	7.103511218114779E-4
29.0	29.531948649773522	20.29874315926787	20.342258649427766	29.820562054985988	0.0064874865448517945
30.0	29.543689522675	20.279111480775484	20.35738168305101	29.80643457893766	0.013382734560849764
31.0	29.56166646415434	20.30116605763668	20.358958179297133	29.776580257029785	0.0016290418820593588
32.0	29.536723395120063	20.325885830889877	20.344683110019396	29.788745503491683	0.0039621604789842795
33.0	29.58099204038848	20.31811358294349	20.351838048645064	29.74880710888361	2.492191393558476E-4
34.0	29.51230489698993	20.366251724099925	20.380290403679055	29.737691013584595	0.003461961646487961
35.0	29.53982688462995	20.355568568077054	20.35520862512652	29.74558970816367	0.003806214002810066
36.0	29.53116217497169	20.32614047412364	20.354758446289416	29.785798446667528	0.002140457947725441
37.0	29.508238665633417	20.334608891440258	20.371291233316963	29.783876204992545	0.0019850046168185522
38.0	29.484765832419807	20.35984687467503	20.409103719884737	29.745191487710954	0.0010920853094805352
39.0	29.48049049594184	20.366612406011598	20.40069869781601	29.742053826125098	0.01014457410545261
40.0	29.55426970664014	20.320772015338722	20.392504503386412	29.73084097950216	0.001612795132568441
41.0	29.527525356834346	20.339496474436643	20.413812860492225	29.716857432232374	0.0023078760044098925
42.0	29.47172264330387	20.35765562002973	20.389657011101033	29.778870214801383	0.002094510763986386
43.0	29.48424677656036	20.411485780567947	20.366725327887654	29.732668282041598	0.00487383294244011
44.0	29.47859147814987	20.419937842943906	20.374695792882047	29.725338164923176	0.0014367211010046703
45.0	29.50656739913089	20.385752864276753	20.397505709622337	29.70587036523288	0.004303661737143566
46.0	29.507248937436394	20.381342310790938	20.416657527882094	29.688037928399908	0.006713295490667944
47.0	29.45227916090436	20.42267566805838	20.402357242768613	29.719815316216692	0.002872612051957935
48.0	29.477284971290096	20.4566173553054	20.37254371214771	29.68562526596082	0.007928695295967013
49.0	29.498789935893782	20.447451105066104	20.39266388683091	29.66009161390144	0.0010034583077624352
50.0	29.50741521364057	20.42172619014051	20.374275888159872	29.695000276660505	0.0015824313985476216
51.0	29.49925632948394	20.432176321785704	20.416676691749736	29.649513041231646	0.0023776157489710514
52.0	29.479365377263157	20.411206257551804	20.381144230671232	29.723725106010612	0.004559028503197902
53.0	29.47816200734261	20.43070004570478	20.390656029738228	29.693779697026134	0.0067022201882456865
54.0	29.467399617920254	20.44610776146775	20.42449119334296	29.65668857733188	0.005312849937159957
55.0	29.485821071903985	20.43579150724777	20.41041254163657	29.662462608350417	0.005512270861254791
56.0	29.511866485456363	20.38634812522611	20.42474183804034	29.674053657990342	0.002989893286849902
57.0	29.506112992141375	20.415698330492617	20.404679772312747	29.670041153760536	0.0034677512927290687
58.0	29.523673065039052	20.414704776284854	20.406323079880842	29.65157990751937	0.0037191712758791783
59.0	29.518242925445172	20.46738489911941	20.3936661011341	29.60710022686685	0.013605847434468488
60.0	29.540398268135714	20.444331805476036	20.3961671176969	29.613526479793208	0.005576328898143072
61.0	29.48985960145783	20.466024851063402	20.36917569108824	29.673242698746648	0.0016971576438801113
62.0	29.482478928840827	20.460065657899968	20.360024234520615	29.692546255950813	0.004884922787779904
63.0	29.5112723122476	20.46350253762808	20.389527507067186	29.633463805642158	0.0022338374149755476
64.0	29.510247454322357	20.45209223196925	20.393746936019795	29.64295614808576	9.572296028437185E-4
65.0	29.52047989372718	20.43106047568467	20.39523858007409	29.642959911036503	0.010261139477553105
66.0	29.48926561160811	20.449053834946923	20.386295189187614	29.674412908722157	9.724555351887983E-4
67.0	29.478597892438962	20.508536225950756	20.32017551824014	29.687996743961513	0.004693619408624589
68.0	29.49982295477529	20.494295204964054	20.31019222501034	29.693975580150372	0.0017140350999419927
69.0	29.491948872967598	20.492061309769163	20.364109098700922	29.6460610627023	0.005819655860018312
70.0	29.500795790065958	20.4640866805965	20.39152333274367	29.63635949804001	0.007234698553859625
71.0	29.48160528886129	20.49088989096967	20.40439269040071	29.620557520044656	0.002554609723678191
72.0	29.48108092276159	20.47638895272872	20.36912818315608	29.672389830627406	0.0010121107262070373
73.0	29.52380667418405	20.463811153795298	20.381635748607906	29.62425813519836	0.006488288214389177
74.0	29.474372877279237	20.472373672047578	20.38496174183235	29.66455128685838	0.0037404219824532957
75.0	29.498099016596	20.47533731310071	20.385299294627607	29.641078639156053	1.857365196310001E-4
76.0	29.51486566510103	20.477112112271893	20.363097629212078	29.641236095595364	0.0036884978196355285
77.0	29.465843915378343	20.47818179191282	20.36528615125271	29.684200318499666	0.006487822956462676
78.0	29.493864283413927	20.467357398592114	20.392632961914956	29.645120645410483	0.0010247106685121212
79.0	29.45541275364103	20.50689196720868	20.405543836168345	29.629584991847164	0.002566451134782759
80.0	29.488509375494626	20.483226373690787	20.378925096736484	29.64212160287161	0.0072175512064889605
81.0	29.504097001355145	20.453987270221564	20.389653964947925	29.646404876826317	0.00585688664905013
82.0	29.528696132537018	20.39626495040204	20.400075928066162	29.67327498171385	0.0016880072809360104
83.0	29.51456958806381	20.415441571792265	20.414045345085196	29.65126363588555	0.004679859173182974
84.0	29.496847363259015	20.488477869052335	20.37320521610976	29.640519483549493	9.500680293965109E-4
85.0	29.493890829373886	20.48777535690042	20.34974598142535	29.658322393592663	0.010265438707678487
86.0	29.501255982118145	20.477026592423424	20.34763196318608	29.673158216702433	9.272455699247309E-4
87.0	29.48130834633338	20.4729510150486	20.360227913989803	29.683291901320853	0.0022208233073658283
88.0	29.519995266762255	20.45688800005059	20.370947295634476	29.647296113393633	0.004873324159048289
89.0	29.516693373372483	20.471966241753815	20.37419968695647	29.635461332292966	0.0016793656242610909
90.0	29.47648599758328	20.483425322914684	20.359862772305895	29.674632785627676	0.005593121568471
91.0	29.47786992526212	20.478427013504795	20.35424534050258	29.675884939086068	0.01357278164443885
92.0	29.487468700504348	20.493547142577302	20.31308782888024	29.702195464084465	0.003700863953649469
93.0	29.49408404819061	20.494216216614156	20.324453437086053	29.683781720002482	0.0034645781066965932
94.0	29.50231021243099	20.523543962386892	20.30556726399306	29.66561264191812	0.002965919270936221
95.0	29.514159604242636	20.498198383252273	20.34638547945422	29.635754989369296	0.005501543681576208
96.0	29.519058157449756	20.49881324890347	20.334963312964106	29.641844639111614	0.005320641571050646
97.0	29.529242908787595	20.4768822931899	20.334950141524814	29.65222891689056	0.006695739607129584
98.0	29.53740648929492	20.47099814722411	20.32033877355485	29.66669855945878	0.0045580304673333875
99.0	29.484266627471495	20.508798939067198	20.33987114253192	29.664669176744347	0.0023941141850411566
100.0	29.5370827719728	20.46443461076796	20.33730986677415	29.659611376656304	0.0015613738287917538
101.0	29.53263460241179	20.4562331364576	20.340304250338352	29.669838178105945	9.898326863109449E-4
102.0	29.531494126770845	20.448251008076692	20.361373539197537	29.650960433584423	0.007920892370504806
103.0	29.54161270687602	20.49138955273176	20.330641537919895	29.633486085925085	0.0028701165472385538
104.0	29.531364400710864	20.500608212894516	20.303980898737358	29.657368269293627	0.006678218363632684
105.0	29.561860974124176	20.46785361226368	20.30015092844721	29.665793822565	0.004340662599934419
106.0	29.577422679186377	20.435588078744498	20.325465303918925	29.66008491316135	0.0014390249888513547
107.0	29.57528533621768	20.439669412380567	20.311922158873642	29.668244736176536	0.0048783563515784655
108.0	29.598146842611488	20.465580687770238	20.276000686874905	29.658211538499057	0.0020602442443072755
109.0	29.55629163061334	20.48332218095478	20.26180293833392	29.696302287397646	0.0022809627003170206
110.0	29.585745240655285	20.45798504734987	20.24667923497148	29.708005576384572	0.0015849006387894241
111.0	29.61104358829352	20.45348433833356	20.258473769934895	29.666806424873432	0.010191878564588787
112.0	29.60136888347081	20.467823123567804	20.266020962272606	29.663704034268445	0.0010829964203414194
113.0	29.61781699688798	20.435109656423776	20.25075735835228	29.694343281075184	0.0019727072607776805
114.0	29.636274815413838	20.4219562771132	20.252388049488175	29.687255254073648	0.0021256039111393512
115.0	29.613241391930938	20.41361857174738	20.279937266266774	29.689390953877403	0.0038118161774990168
116.0	29.606310046762847	20.43901513885495	20.25682823391623	29.694396584387484	0.003449996078495482
117.0	29.60121291674974	20.424843758509855	20.21786706848206	29.75585593032342	2.203259349196468E-4
118.0	29.619376865634266	20.41801043290073	20.241753117001007	29.716919449560752	0.003940134903243967
119.0	29.6324288048607	20.43477542747069	20.23097249291177	29.70022330846992	0.0015999662869132486
120.0	29.668794607405736	20.42051360675516	20.213708121031047	29.68359898621359	0.013384678594467804
121.0	29.709052925708185	20.382397837537734	20.200168891812233	29.70186130971883	0.00651903522302155
122.0	29.688569716169795	20.34608368992791	20.200005407605953	29.76463873276454	7.024535318119867E-4
123.0	29.692454863932227	20.346721970170794	20.19430943952819	29.766054580285576	4.591460832065549E-4
124.0	29.716061083765265	20.351577420363203	20.192401415163726	29.734172162398703	0.005787918309099072
125.0	29.735220764443422	20.346956671666213	20.15115213841093	29.763666552427914	0.003003873051521719
126.0	29.78660737779084	20.28180836857435	20.179455170486037	29.75121171716833	9.173659804386205E-4
127.0	29.786167308536847	20.28833101880289	20.17834342325518	29.746876450001842	2.8179940323947204E-4
128.0	29.83469223720111	20.270490081484233	20.13711167216012	29.754325174712683	0.0033808344418523365
129.0	29.82309937477333	20.272972202869667	20.13127271964706	29.772255966014544	3.997366953937519E-4
130.0	29.87279895535986	20.236163612220068	20.091508743055247	29.799316154379067	2.1253498576319883E-4
131.0	29.883629158003032	20.202293413346354	20.110845456432266	29.799702665625144	0.0035293065932024675
132.0	29.919064629151425	20.165718519853666	20.084798321106305	29.828778547582747	0.001639982305851964
133.0	29.920658575345193	20.166589040174316	20.058121951666262	29.844544040009897	0.010086392804330097
134.0	29.944712182608015	20.185177470200134	19.98670709388016	29.881710361523005	0.0016928917886849268
135.0	29.9685903695722	20.13467229095508	19.980814513692497	29.91535592612089	5.668996593328293E-4
136.0	29.95987566726621	20.103123114394545	19.966679930135598	29.968324828465637	0.0019964597380115134
137.0	29.97845365169433	20.085818407730414	19.94967698124087	29.984685074959405	0.001365884374985897
138.0	30.00118940459604	20.06232752572863	19.91874336937603	30.017119911822366	6.197884769335939E-4
139.0	29.871800980347075	20.121475319154662	19.976125209921904	30.022473198021526	0.008125292554833219
140.0	29.921307093790972	20.13175336571516	19.949146820628595	29.996336584045668	0.0014561358196124386
141.0	29.82946745111521	20.159557047298453	20.004448979548375	30.005812568682998	7.139533549616213E-4
142.0	30.072526882840457	20.061983937005852	19.962186695556642	29.892799359448635	0.010503125148410649
143.0	29.857500555901023	20.142162887163394	19.95749349879816	30.042107541219615	7.355169178078502E-4
144.0	29.760796736374996	20.455148823366258	19.780010277529833	29.99713913368285	0.006905029046067398
145.0	29.606343464671998	20.361413635965214	19.98623996807629	30.04555861744861	4.443138378841112E-4
146.0	30.03652068499898	20.257154125317143	19.648960274476995	30.05025492499015	0.007109990216732998
147.0	29.95704631653443	20.174872510917208	19.963838314236657	29.899646067779262	0.004596790532439684
148.0	29.9539259242482	19.994501499193852	19.71453495331251	30.331960250086315	0.005077373159124543
149.0	29.817902040639975	19.926453053588464	19.277070150809855	30.968738909758486	0.009835845203223193
150.0	30.252321748776804	18.288018191852125	20.054924902343604	30.67001488597522	0.734720271052241
151.0	NaN	NaN	NaN	NaN	NaN
