# Position (bp)	A	C	G	T	N
0.0	30.34632394785348	20.13566899336725	18.47662376269409	30.23700327160075	0.8043800244844295
1.0	30.719774235666968	19.40484230179022	19.93961817272128	29.92586361328221	0.009901676539317882
2.0	30.087206820015993	19.858343919963744	20.015662588758953	30.03278844522906	0.005998226032250568
3.0	29.667645609830217	20.113595572284936	20.216896557310314	29.99759788642527	0.004264374149264946
4.0	29.802976173331047	19.81289078630383	20.34327536862418	30.0329720787321	0.007885593008843532
5.0	29.846237843901946	20.129925575369313	20.410213339484063	29.61240297872381	0.0012202625208667342
6.0	29.803789987105876	19.926425646492092	20.459536695789485	29.80949675465811	7.509159544323538E-4
7.0	29.82066630754552	20.127262079073535	20.14321477981527	29.902632044986245	0.006224788579433057
8.0	29.6805816089675	20.136737422348087	20.0705123242292	30.10535360458362	0.006815039871598155
9.0	29.76488217689835	20.195998100737743	20.183273185731853	29.85177018481083	0.004076351821219169
10.0	29.776121198243388	20.10201569503162	20.15668600074518	29.959079835793073	0.006097270186739421
11.0	29.801055041338113	20.13463641605922	20.123694857192355	29.934908810648192	0.005704874762117567
12.0	29.74946223895241	20.093632768539546	20.068780047111822	30.08384258583433	0.004282359561891238
13.0	29.73600785128364	20.132904945505345	20.10972817739896	30.020335440070927	0.0010235857411256986
14.0	29.708106468001617	20.155417823804466	20.144889131949604	29.982560394173856	0.00902618207045427
15.0	29.6924671063217	20.143979632346653	20.16089140358427	29.997596182373478	0.005065675373901091
16.0	29.666406154826948	20.141995594989	20.19444017518927	29.995260986989507	0.0018970880052726527
17.0	29.60050829777277	20.22119343923382	20.173309008105104	29.9982605068347	0.0067287480536088835
18.0	29.574428580959893	20.269268099345677	20.180431410054144	29.970105395977008	0.005766513663274632
19.0	29.543110740345536	20.30746699973873	20.23009089797834	29.913779179571915	0.005552182365480971
20.0	29.57361198895882	20.251712208332272	20.25964828613236	29.9065615779956	0.008465938580951973
21.0	29.552572670840238	20.28967550364098	20.27721428050204	29.870760985898915	0.009776559117830997
22.0	29.52185322886926	20.306111296557745	20.283850527758776	29.882416985976228	0.0057679608379885075
23.0	29.497424836196167	20.37178585119587	20.310224535494754	29.812105303050146	0.00845947406306054
24.0	29.50962360550416	20.359376801157197	20.315479781527625	29.812694770845876	0.0028250409651428996
25.0	29.52640810038612	20.312916344034036	20.371187525614552	29.786829343668607	0.002658686296680992
26.0	29.50188848606486	20.345491831634853	20.367257881523315	29.775940293722115	0.009421507054857944
27.0	29.512656512967656	20.363878814638436	20.363384629752815	29.75365648970439	0.006423552936706441
28.0	29.504484546773224	20.38041375776083	20.360297927331516	29.743376879571308	0.0114268885631174
29.0	29.427757692866212	20.399866125696725	20.433031137208317	29.729521971005962	0.009823073222781595
30.0	29.449102338146126	20.373797815979618	20.45007061071847	29.723438743492935	0.0035904916628470168
31.0	29.466011121648005	20.39121521712192	20.4537206246236	29.68476889293971	0.004284143666759533
32.0	29.43785134246612	20.411378442428244	20.43191538307096	29.707546267852	0.011308564182675755
33.0	29.48471544598934	20.40648840967214	20.440735691956117	29.659638204198114	0.008422248184291244
34.0	29.41700487319279	20.46036960778709	20.47906174320817	29.64128235351749	0.0022814222944592725
35.0	29.446044638775632	20.44761404404502	20.44768647473587	29.65150714397498	0.007147698468493612
36.0	29.449237903937735	20.425252790087672	20.43491369542206	29.67996818988948	0.010627420663048694
37.0	29.4095902382298	20.428610747384802	20.465060800664315	29.689945643134326	0.0067925705867612094
38.0	29.411440093132036	20.44500381891366	20.47280636878558	29.664660962658175	0.006088756510552811
39.0	29.38031148786505	20.460729576102825	20.49731186527772	29.654217189177402	0.0074298815770019585
40.0	29.45400402039037	20.41168528851667	20.487356911600354	29.632756736226852	0.014197043265747904
41.0	29.42785182942626	20.430570645655745	20.508155806306775	29.62145505040149	0.011966668209727634
42.0	29.370910474364138	20.450212577567264	20.486635225390334	29.683181211975512	0.009060510702749104
43.0	29.390501215047067	20.50184011531103	20.465392753741302	29.64031319476804	0.001952721132558636
44.0	29.380412169998273	20.517960724548907	20.477846540183528	29.617673147070967	0.006107418198330891
45.0	29.404820569706438	20.482280279781104	20.500987542566936	29.607356245921018	0.0045553620245083705
46.0	29.40988371212227	20.476033789323814	20.51294744489021	29.58897739827347	0.012157655390239315
47.0	29.346902848249563	20.515453851944653	20.502472857471385	29.62810029423311	0.007070148101284269
48.0	29.386318213101003	20.552600363091493	20.464643996068894	29.59392183474851	0.00251559299009503
49.0	29.40139785290592	20.53873229630717	20.485141713626074	29.56931327096124	0.0054148661995925326
50.0	29.409970536060808	20.513994712665077	20.466017976932797	29.601976100442396	0.008040673898919961
51.0	29.402713863603292	20.507152667151562	20.49884629894011	29.579679253756268	0.011607916548765222
52.0	29.387381002621936	20.506148839503403	20.470960438046585	29.62914659298287	0.0063631268452030085
53.0	29.38810490601833	20.526377268071517	20.48625708377893	29.58825100331276	0.011009738818463401
54.0	29.38266107971883	20.535970549988196	20.512822287733883	29.562319321681365	0.006226760877732154
55.0	29.39062158538965	20.52472434529029	20.50282858399886	29.56727360967559	0.014551875645614469
56.0	29.415923357587232	20.479081149272325	20.51849423969095	29.57840676294475	0.008094490504748362
57.0	29.40814672120597	20.49523687121521	20.49094266945386	29.595618685165213	0.010055052959746076
58.0	29.426179792935624	20.510203884888213	20.497381306546654	29.555626668115824	0.010608347513683045
59.0	29.425136077216923	20.56109116454737	20.487105231079997	29.52092331261452	0.005744214541187239
60.0	29.439251574356838	20.538475814673657	20.488911188480575	29.525527376203907	0.00783404628502301
61.0	29.3929973971305	20.555986933200696	20.459117635588584	29.584353634073608	0.007544400006613309
62.0	29.384202867089915	20.550902825521575	20.454945560000546	29.596432559796376	0.013516187591585094
63.0	29.40477478391236	20.553345498461926	20.47983995631473	29.55282490247408	0.009214858836910627
64.0	29.408577201407116	20.53174951160193	20.492180162049294	29.558601768650373	0.008891356291290304
65.0	29.4243778374408	20.52416569166708	20.48532478857678	29.56067770801346	0.005453974301877272
66.0	29.39395545279655	20.545238608213527	20.476641243207645	29.578524261963235	0.005640433819039068
67.0	29.380769351749052	20.605507626549993	20.41207347779865	29.594501943163408	0.007147600738892838
68.0	29.39874936373409	20.592629406327816	20.398285252649035	29.599576513238862	0.010759464050196578
69.0	29.391058072576737	20.587612134998373	20.457891652663157	29.557678159514143	0.00575998024758755
70.0	29.405732060286542	20.5644382147456	20.487123343080942	29.539523526269818	0.003182855617101575
71.0	29.38489504095068	20.583555071831633	20.4947272796391	29.53055485492792	0.00626775265066456
72.0	29.390517675089466	20.572489174744693	20.46570149444814	29.569446953886942	0.0018447018307564587
73.0	29.42253035271228	20.55493948346398	20.475701803865253	29.54182196379206	0.005006396166430406
74.0	29.376328590365862	20.56858939862817	20.47620188968201	29.570928180889855	0.007951940434104745
75.0	29.40551407066641	20.568889042139137	20.476945019511554	29.54385548951294	0.004796378169958139
76.0	29.420419270682064	20.56796786151467	20.457435194490923	29.54627516599752	0.007902507314818836
77.0	29.3801483270259	20.567591903669097	20.45572577507223	29.59149347536762	0.005040518865152221
78.0	29.39778703994135	20.561357056767005	20.4884336783783	29.55060400272072	0.0018182221926312972
79.0	29.361750220749716	20.594833220071173	20.503736694704095	29.53343132452079	0.006248539954222454
80.0	29.387540750667895	20.575133414187285	20.481421541687027	29.552709434036778	0.0031948594210194463
81.0	29.410512033923418	20.543431158170865	20.486716007646326	29.553539800018207	0.005801000241190083
82.0	29.430262372995138	20.486177550351012	20.499492238053673	29.573281743342257	0.010786095257919641
83.0	29.412567825570648	20.50825113364639	20.511190166170064	29.56086833806823	0.007122536544667364
84.0	29.402330167310513	20.58237135718494	20.464378183567568	29.54531351468548	0.0056067772514988585
85.0	29.416195224995516	20.5774165676338	20.442074393407438	29.558870294302924	0.005443519660319949
86.0	29.41548358790681	20.574592025451626	20.43295592202651	29.56816328493333	0.008805179681726895
87.0	29.394874538781835	20.557628552538983	20.457446661384047	29.580887114434457	0.009163132860680363
88.0	29.42674850820947	20.546544777772088	20.466734408281436	29.546415181781487	0.013557123955515154
89.0	29.417131629443727	20.56625228799612	20.469084877386457	29.54001863615868	0.007512569015012006
90.0	29.382595240293004	20.578232194573705	20.452920886718907	29.578444925427178	0.0078067529872098045
91.0	29.38746805871743	20.571638739707208	20.443075717173713	29.592065062241062	0.005752422160588268
92.0	29.393287659217187	20.585517626758897	20.40388498642975	29.606707953886	0.010601773708158452
93.0	29.407477522383413	20.584568860954207	20.40820132709832	29.589632794660215	0.010119494903846614
94.0	29.410520068781125	20.61375035469283	20.396811023436136	29.5707984989123	0.008120054177609528
95.0	29.419248737455423	20.588575567041055	20.438602180684867	29.538980191214755	0.014593323603904407
96.0	29.428604224912856	20.58828195725948	20.420473645218014	29.55646925082831	0.006170921781339931
97.0	29.427684126739788	20.56926881922207	20.427805322016265	29.564167547578997	0.011074184442874642
98.0	29.442549228975025	20.56228384304402	20.417268250687247	29.571543125015147	0.006355552278561189
99.0	29.40575498728667	20.590400119586942	20.41798737610201	29.57426504893721	0.011592468087171341
100.0	29.434645129672298	20.560282954408127	20.43065864839906	29.56641980487298	0.00799346264753474
101.0	29.43273259589661	20.553046309373087	20.434852322989734	29.573910279506798	0.005458492233766
102.0	29.44131861005908	20.544396698148407	20.455034954666445	29.556731557779347	0.0025181793467195673
103.0	29.446952357243322	20.589791233557488	20.421805595124646	29.534364911393563	0.007085902680981055
104.0	29.432670703790464	20.59513032968743	20.39644748670134	29.563540484920193	0.012210994900571986
105.0	29.46290866449007	20.570860839580472	20.39729108301496	29.564402543278913	0.004536869635590815
106.0	29.468988200434527	20.535319790520987	20.425124013852816	29.564448549280954	0.006119445910716476
107.0	29.4864930828776	20.53622679421922	20.400172269415425	29.575180024888336	0.001927828599419403
108.0	29.49950640862899	20.563460253682095	20.368753830306954	29.55921529171972	0.0090642156622405
109.0	29.461331132525327	20.57996741593301	20.345008862789136	29.60173034109268	0.011962247659844421
110.0	29.480435160525026	20.55134851784862	20.335518207460073	29.61838306009544	0.014315054070845077
111.0	29.52062087983625	20.54623404396605	20.355135354434687	29.570575608723477	0.00743411303953974
112.0	29.517722309533927	20.529751648769874	20.354091041428614	29.592360135083307	0.006074865184279121
113.0	29.521906596069996	20.522950122414006	20.348173116556858	29.600175050087753	0.006795114871386997
114.0	29.53233528673164	20.503755740571883	20.349326426750444	29.604008755970636	0.010573789975396123
115.0	29.516304614810274	20.5069607782187	20.367630735374558	29.601983746698558	0.007120124897912857
116.0	29.516528078708447	20.534087599036148	20.349168370181633	29.597975990221055	0.0022399618527164608
117.0	29.511413488498274	20.511604166302266	20.305295351624473	29.663207589893652	0.008479403681336395
118.0	29.535303678809488	20.501631906920473	20.325888208105646	29.625990613718194	0.011185592446194118
119.0	29.544173832333126	20.525510620363324	20.322613828137058	29.60340084098636	0.004300878180128073
120.0	29.583314911130486	20.512580178098215	20.309805211148266	29.590738754375213	0.0035609452478228554
121.0	29.616055396312742	20.475438248873644	20.29767043881476	29.600941980261542	0.009893935737313963
122.0	29.59941064607885	20.43275447332377	20.289764064685436	29.666544983689995	0.011525832221946811
123.0	29.59688029865714	20.42804745150438	20.287531838113324	29.68109290481823	0.006447506906924977
124.0	29.621650651995925	20.43757255360336	20.28548865380798	29.64577794803886	0.009510192553878706
125.0	29.656254674851724	20.437877963610536	20.23685408758702	29.666318441394086	0.0026948325566401887
126.0	29.701399426798346	20.366674631011673	20.255055634296493	29.67405500404373	0.002815303849755751
127.0	29.690903988505184	20.37391971344917	20.26771487919306	29.65898530706846	0.00847611178412464
128.0	29.72236902926973	20.34992679215935	20.236703652169048	29.68526794149095	0.005732584910915694
129.0	29.725054148264444	20.356897033445946	20.225937224975645	29.682261896077648	0.009849697236317624
130.0	29.781619706540212	20.318392989089197	20.182510204716074	29.709035688716778	0.008441410937734265
131.0	29.793366511595504	20.286830903616867	20.20248533512068	29.711775201671202	0.005542047995743405
132.0	29.828163050920164	20.24893098046032	20.181394488741198	29.735722407314608	0.00578907256370414
133.0	29.83381763351306	20.249551141898657	20.14264889386234	29.76718572285189	0.006796607874054086
134.0	29.85115238814512	20.26681947757657	20.07611617506454	29.804013781980927	0.0018981772328469824
135.0	29.8670489307159	20.22310981630548	20.073728229664123	29.83107172069075	0.005041302623745514
136.0	29.86260280025949	20.19103388427329	20.053275149937598	29.88402458181766	0.009063583711965723
137.0	29.88925733243366	20.165900095993244	20.042507619226395	29.901311071002397	0.0010238813443041806
138.0	29.918660643103905	20.13511489779593	20.01193787762491	29.930029582725737	0.004256998749512688
139.0	29.787159469472936	20.198185017847095	20.066980138233216	29.941883922471558	0.005791451975193589
140.0	29.830249647107205	20.214818617905735	20.02566256506548	29.923144067179564	0.006125102742020643
141.0	29.7470140914453	20.236507897859152	20.084189428450742	29.928193685724075	0.00409489652073191
142.0	29.978616919838085	20.146953333830474	20.040643103913236	29.826979173566638	0.006807468851567284
143.0	29.766280938212763	20.22329830172525	20.039348389508163	29.964830056691945	0.006242313861880953
144.0	29.674551884733972	20.53283391087319	19.866715336055023	29.92516357635648	7.35291981338693E-4
145.0	29.485445698044206	20.459958749467468	20.07471245440816	29.978658964545957	0.0012241335342120653
146.0	29.923079314432265	20.38273637684009	19.727735617968413	29.958494630596267	0.007954060162963813
147.0	29.880112079400828	20.280701983912166	20.023440203646377	29.811521960017433	0.0042237730231982
148.0	29.886346218800597	20.07998464293321	19.7787480177724	30.248896045650586	0.006025074843208665
149.0	29.79101880384319	19.995922335693013	19.339764472402642	30.863295646526083	0.009998741535068875
150.0	30.11880895569164	18.512642203855258	20.07179070304031	30.487520688976076	0.8092374484367146
151.0	NaN	NaN	NaN	NaN	NaN
