# Position (bp)	A	C	G	T	N
0.0	30.313041241471637	20.33910460825062	18.4358876353332	30.213066916347998	0.6988995985965472
1.0	30.645882289695226	19.48058542597509	20.04172173278407	29.82906161134763	0.002748940197988536
2.0	29.976207968177054	19.971868098822743	20.10470053615992	29.940697021911173	0.006526374929109151
3.0	29.58432476171664	20.21851743394097	20.27210410472416	29.921576512412624	0.003477187205598601
4.0	29.717094456090788	19.885216946213234	20.412470942665788	29.983995996722317	0.0012216583078792432
5.0	29.759267536931926	20.21607432091353	20.486831143163677	29.536840168730706	9.868302601592162E-4
6.0	29.705973213387153	19.98395802418748	20.568144353134496	29.734279053325626	0.007645355965241814
7.0	29.73655376665114	20.204991882595266	20.24469355538423	29.811876317719726	0.001884477649637913
8.0	29.58045355338619	20.217279348688034	20.151833365205963	30.03820070291086	0.012233029808954573
9.0	29.66672174701411	20.292335745450384	20.2802980591289	29.758476978202964	0.002167470203646634
10.0	29.670725867463094	20.20534116254298	20.25580892323423	29.866412225034818	0.0017118217248827808
11.0	29.702820448309662	20.22987825559528	20.222539035015483	29.841296226314878	0.0034660347646956447
12.0	29.666423998548208	20.1805866845884	20.16439161289484	29.98221709977772	0.006380604190837339
13.0	29.64743291184612	20.219562264390532	20.203927849982932	29.919586760540813	0.009490213239598796
14.0	29.627431492528345	20.24301765115967	20.23577499570634	29.890082182229378	0.003693678376268094
15.0	29.609447961185804	20.229810514358984	20.254740912192094	29.900072824696238	0.005927787566877191
16.0	29.572480227183295	20.22801377567768	20.29809823264622	29.899770652850265	0.0016371116425450405
17.0	29.513487971153786	20.305204318930905	20.272535827446873	29.90198827048845	0.006783611979993
18.0	29.474910587799048	20.368114183745842	20.278312527478512	29.871933422944586	0.006729278032015053
19.0	29.45224950128584	20.40261386305189	20.327849520513375	29.814630470834235	0.002656644314658591
20.0	29.489532218669833	20.3426590888225	20.34798179984044	29.81104311025014	0.008783782417086577
21.0	29.4208686982913	20.410856762136785	20.372342402345485	29.79223457810688	0.003697559119550084
22.0	29.41140837826855	20.417475006693188	20.39240724045557	29.77572499667885	0.0029843779038455473
23.0	29.408276417283925	20.462914443847453	20.405863716811226	29.72012250058722	0.0028229214701745746
24.0	29.421580183602895	20.4495268865829	20.409201528345132	29.715427432445413	0.004263969023660382
25.0	29.440896208034616	20.39554205466985	20.465457517388398	29.69467801973379	0.0034262001733451094
26.0	29.406546125201093	20.43354734853459	20.46725243127173	29.680259631901958	0.012394463090627438
27.0	29.421263349444843	20.454943289604646	20.45853011392886	29.661888117095415	0.003375129926238711
28.0	29.41518357116638	20.476426985546585	20.455574733812337	29.642614643588782	0.010200065885915096
29.0	29.332386989247738	20.49241611582005	20.535596135824868	29.6380364738567	0.0015642852506445994
30.0	29.36202865911858	20.461253021401614	20.545104048835743	29.627063847380413	0.004550423263649547
31.0	29.375053668839264	20.482629229088072	20.553961304133907	29.582801233939467	0.0055545639992879954
32.0	29.35763696125275	20.49497436195822	20.52504139585847	29.61700864073262	0.0053386401979345945
33.0	29.397730771176178	20.494212625626723	20.538188082001753	29.56271644264379	0.007152078551553784
34.0	29.32494939861558	20.550141112893982	20.57446991732131	29.54759902055038	0.0028405506187466636
35.0	29.366801933046112	20.53241271072503	20.540923544880364	29.55705366809927	0.002808143249221235
36.0	29.350904392809383	20.52902256583559	20.53674044697285	29.57372575064759	0.009606843734586062
37.0	29.326370649351468	20.5148210069801	20.555522271056677	29.594538166784407	0.008747905827343442
38.0	29.31438851077772	20.54144622342548	20.566116679980723	29.571072395543187	0.006976190272889055
39.0	29.300005537462788	20.549142602418918	20.58389182358437	29.55689374973865	0.010066286795275737
40.0	29.368717072039757	20.51916537134973	20.576385717623246	29.52300780456779	0.012724034419473874
41.0	29.343631211288233	20.517733984522124	20.600890184327607	29.532690467429774	0.005054152432258663
42.0	29.285322417575937	20.539548374256555	20.579328284428637	29.589677440349966	0.006123483388905742
43.0	29.308355578653263	20.594850868162645	20.550577908860358	29.541254393957427	0.004961250366310796
44.0	29.293847044113946	20.601258995028424	20.554063878625524	29.539052029451256	0.011778052780850637
45.0	29.31649046869052	20.56838732126423	20.5853615093954	29.521244117776995	0.00851658287285504
46.0	29.326979885139497	20.568502047038333	20.605498731418262	29.49670678941867	0.0023125469852370746
47.0	29.26898355508853	20.62155518778207	20.585860494702665	29.514086547996943	0.009514214429795784
48.0	29.292184526754024	20.648583456516324	20.565928878464597	29.492289673268875	0.0010134649961852649
49.0	29.31733356341222	20.627228701518586	20.57442226279904	29.476101462189124	0.004914010081030853
50.0	29.247206941797106	20.559316723802986	20.500687825181238	29.42186008294622	0.27092842627245023
51.0	29.318852904302855	20.599874164950215	20.58659555462823	29.487625835902126	0.007051540216575977
52.0	29.293861579926546	20.595003546233563	20.564299844169764	29.538804880361198	0.008030149308929597
53.0	29.29650870000672	20.613389740436357	20.573245679629146	29.506692455545025	0.010163424382753392
54.0	29.294119118548345	20.623812620859162	20.602114490965025	29.473675294697628	0.006278474929835222
55.0	29.30384495614384	20.616942963771955	20.600102504676826	29.477175818342054	0.0019337570653180272
56.0	29.327290526264466	20.566150122966278	20.611685646445206	29.490157196536387	0.004716507787665112
57.0	29.321943026845904	20.590232213852744	20.582758229529162	29.498704933498303	0.006361596273884308
58.0	29.338572799888947	20.59464673527173	20.590665877352773	29.46270871285793	0.013405874628623696
59.0	29.33668674937744	20.65628607691175	20.57676880163241	29.423375125260364	0.006883246818036618
60.0	29.357144051696604	20.630263003369006	20.5789192407648	29.43243180582445	0.0012418983451359976
61.0	29.286283582937116	20.654769299632648	20.55972289507802	29.48730012467724	0.01192409767497767
62.0	29.296097716790072	20.64439064238691	20.542110739807228	29.509085506528603	0.008315394487187794
63.0	29.32246416833173	20.644171818634184	20.57180498982663	29.458210632598046	0.0033483906094069478
64.0	29.326108074142176	20.6187723136771	20.58060641061029	29.46496681985306	0.009546381717373192
65.0	29.328924964754876	20.611964942573675	20.573065059874622	29.471467284314713	0.014577748482117443
66.0	29.307102274909496	20.636325139767848	20.571912381613096	29.473916606650896	0.01074359705865852
67.0	29.29867428789056	20.695926435286193	20.502572190108246	29.50055919299134	0.0022678937236638957
68.0	29.306291362891695	20.688612852154513	20.484185941469217	29.510950566548853	0.009959276935718547
69.0	29.29937679541291	20.680067321219656	20.543987855639184	29.46820380525758	0.008364222470667258
70.0	29.30103111326729	20.658807903973038	20.5873069479813	29.44614388264623	0.0067101521321421345
71.0	29.288792988950618	20.67776500076218	20.586281028635824	29.440958572973784	0.006202408677595808
72.0	29.292202356663484	20.66346248244638	20.551756251344937	29.483030523455962	0.009548386089241665
73.0	29.323871913034118	20.648723188594147	20.567758373486576	29.45109407805105	0.008552446834105169
74.0	29.29035637258732	20.65857486658242	20.566046970462132	29.480152581472503	0.0048692088956329
75.0	29.314698664500167	20.658648141566864	20.566050749440443	29.453837755275323	0.006764689217206051
76.0	29.328985429092885	20.65460341301971	20.54786710824736	29.46363235659083	0.0049116930492091055
77.0	29.291273236273348	20.661191852287125	20.54487838626117	29.494052508474176	0.008604016704177247
78.0	29.305344900712456	20.6499652531516	20.575118564781835	29.460134186524712	0.009437094829398106
79.0	29.268086609574727	20.691482934913804	20.59678447649847	29.437444930865215	0.006201048147781658
80.0	29.299494976407704	20.677780874550496	20.57406007997073	29.44198082693234	0.00668324213872745
81.0	29.317297742377846	20.63567698990967	20.579784358336212	29.458889518225867	0.008351391150409558
82.0	29.344576959954217	20.571894843406486	20.589394538104937	29.48423129701216	0.009902361522205548
83.0	29.32173689702799	20.59775527644069	20.6060055650714	29.47226470823075	0.002237553229170063
84.0	29.29621892802099	20.68170487371891	20.55224137362987	29.459117811726372	0.010717012903858429
85.0	29.3239105810607	20.671038443995922	20.526127193943168	29.464278937443595	0.01464484355661119
86.0	29.323429267628242	20.66431370270411	20.514061545202157	29.48866775193159	0.009527732533904697
87.0	29.302087874041106	20.65354617536367	20.546590467351137	29.49441034135561	0.003365141888480449
88.0	29.335717438745974	20.64209051486303	20.555791441832767	29.458178899727834	0.008221704830399442
89.0	29.31973339397316	20.66427929090401	20.566642580580787	29.43730440884221	0.012040325699837009
90.0	29.287922781490757	20.674884292825222	20.545299517691838	29.49066152465895	0.001231883333236661
91.0	29.293980849078178	20.66532275288816	20.532580632455584	29.501260899543052	0.006854866035031372
92.0	29.300091351750478	20.679994331198053	20.487147497760937	29.519280030493917	0.013486788796618826
93.0	29.307439735573016	20.68067731787888	20.49837279309918	29.507115334010642	0.006394819438279397
94.0	29.319268833617752	20.707755986520567	20.481248850371323	29.48708811243573	0.00463821705463475
95.0	29.328551508633783	20.68554820549994	20.527974448602784	29.45600393690031	0.001921900363178948
96.0	29.336433424533006	20.67807386768504	20.512336504958288	29.46689377487151	0.006262427952159341
97.0	29.34662000352275	20.656711036605948	20.509702140192772	29.476795931026338	0.010170888652186913
98.0	29.347831163794286	20.652204958454252	20.50394220939465	29.48790616318285	0.00811550517396607
99.0	29.313149639044735	20.683941223977985	20.51055375555589	29.48542448679766	0.00693089462373723
100.0	29.26577440730764	20.590482177398282	20.47196093703211	29.399681986455274	0.2721004918066924
101.0	29.34333336933887	20.641678709763088	20.519326989940147	29.490802644395174	0.004858286562720489
102.0	29.335387601409074	20.645175021646782	20.548234894051138	29.470231424561906	9.710583311029131E-4
103.0	29.331694636161725	20.668130986484442	20.53385189731664	29.456792133158316	0.00953034687887811
104.0	29.33774166614102	20.69546268393435	20.48690941156185	29.47760816613582	0.002278072226960999
105.0	29.37929960295813	20.65427477887636	20.47862931016324	29.47922638748313	0.008569920519137884
106.0	29.390995169349416	20.61467735495101	20.50160439240352	29.480861012590708	0.011862070705345286
107.0	29.38536118891097	20.624650143694257	20.49379577205236	29.4912900084413	0.004902886901117572
108.0	29.404857051212968	20.65487438946225	20.45436309560913	29.479806727019557	0.006098736696093893
109.0	29.367099319786522	20.67204939662709	20.435637301208846	29.520208221845845	0.0050057605316989745
110.0	29.37745909917815	20.64261501786939	20.441971964355275	29.525132821357346	0.012821097239837733
111.0	29.428940587820705	20.63554045043382	20.44466076450842	29.48083731860256	0.010020878634492024
112.0	29.426050530987798	20.62340165915343	20.442620423474068	29.500950420885623	0.006976965499084843
113.0	29.429147437300912	20.61635483771177	20.43270255065517	29.51310037247381	0.008694801858339707
114.0	29.42338579309253	20.60770775840919	20.452044680122583	29.507191644855386	0.009670123520306408
115.0	29.425227796982934	20.599761404897617	20.454697100316437	29.517517305029074	0.002796392773935697
116.0	29.422605160932424	20.62558980514021	20.43813085592112	29.51084948875081	0.002824689255435331
117.0	29.41530987058178	20.608450454954113	20.392295100659812	29.576829236299396	0.00711533750490027
118.0	29.441400939222774	20.598462542802874	20.410444442988393	29.5443304275281	0.005361647457863227
119.0	29.438883217904248	20.627696650037915	20.413426191569304	29.514430334742674	0.0055636057458557375
120.0	29.488296088994044	20.607436388323467	20.397391950907238	29.502345569301163	0.004530002474090328
121.0	29.528402312725632	20.57289755505591	20.389639142597687	29.507491503339384	0.0015694862813859138
122.0	29.500597688910485	20.530609914014057	20.381129491831114	29.577437788969625	0.010225116274725546
123.0	29.50809722078257	20.52293090571733	20.37936095627693	29.58623573752517	0.0033751796980056427
124.0	29.52637079195963	20.53655936131568	20.373215206308316	29.55148308766425	0.012371552752129193
125.0	29.565249951790808	20.529468002030324	20.32125814202607	29.580588759708277	0.0034351444445158766
126.0	29.606218259771556	20.460953543506534	20.34575582971365	29.582847422207557	0.004224944800705462
127.0	29.592360024650453	20.469269373334438	20.362055860877152	29.57352980981714	0.002784931320819451
128.0	29.614067939257104	20.45755764744679	20.349904803240882	29.57544239282303	0.0030272172321911335
129.0	29.64811541133888	20.448339499403033	20.349363582823628	29.5504802018812	0.0037013045532557874
130.0	29.684532774114174	20.413760414415936	20.275342411917478	29.617478233278007	0.008886166274409862
131.0	29.69883822645899	20.381712813948468	20.296482465012673	29.62032146278293	0.0026450317969423723
132.0	29.730607602820992	20.349931793208636	20.271193926979283	29.641606472241612	0.006660204749477769
133.0	29.740249149746006	20.348774841803582	20.226703759853105	29.677429011850815	0.006843236746490874
134.0	29.75037321134971	20.378309428511667	20.164132028114896	29.705549166687735	0.001636165335994625
135.0	29.770893646156875	20.313816313185352	20.1588285555315	29.750465772060515	0.005995713065764402
136.0	29.77002993185751	20.279313880202505	20.141799337159508	29.805140694162862	0.0037161566176172585
137.0	29.782983424134724	20.262418910692116	20.12844608207418	29.816623333710364	0.009528249388617053
138.0	29.815861696137556	20.23298800005087	20.09984543793459	29.84490160548208	0.0064032603949036124
139.0	29.688519486992842	20.297058119860477	20.16580173873566	29.84516232483528	0.0034583295757443333
140.0	29.740622015091677	20.310525910682255	20.128423290307044	29.818722468036903	0.0017063158821243262
141.0	29.64942018698332	20.330931062718847	20.182322865760998	29.83518929302062	0.0021365915162088844
142.0	29.907840428758547	20.228113702467528	20.122056033843034	29.729615513853915	0.012374321076973161
143.0	29.6768281892836	20.321840100226417	20.11758495489109	29.881927586974815	0.001819168624078564
144.0	29.595634840154396	20.642824376013003	19.925911576184745	29.827964867732526	0.007664339915327561
145.0	29.40858382184625	20.5415583817578	20.15781853792982	29.891104716140838	9.345423252905535E-4
146.0	29.873477805558213	20.452229200326848	19.799825571001097	29.873309380851154	0.0011580422626868917
147.0	29.80338885283995	20.336952835366134	20.12485139172531	29.73129266388737	0.003514256181231608
148.0	29.792191660411493	20.17070362904963	19.893541953305665	30.13703866323224	0.00652409400096999
149.0	29.693440837666202	20.101881250867123	19.41561899131801	30.786272447084368	0.002786473064297491
150.0	30.08868358912337	18.470621968367336	20.275224629095547	30.46264972104468	0.7028200923690608
151.0	NaN	NaN	NaN	NaN	NaN
