# Position (bp)	A	C	G	T	N
0.0	30.24178486426622	20.268574256012165	18.3483448088687	30.277198826151636	0.8640972447012821
1.0	30.638439638347077	19.483389064411437	19.951183780233368	29.909981946861887	0.017005570146236836
2.0	30.048063952014736	19.914580817002076	20.03479700421493	29.998748148571806	0.003810078196450226
3.0	29.6140127935778	20.178889441530757	20.20634078986451	29.999983247693727	7.737273332060467E-4
4.0	29.75380410700711	19.837201207305405	20.363514479950386	30.04329362109626	0.002186584640837336
5.0	29.80102345733137	20.169475464071276	20.44336956059101	29.584277381521122	0.0018541364852204887
6.0	29.73168014197783	19.995531611096517	20.513993139560352	29.755118368093985	0.003676739271310936
7.0	29.776853557602156	20.163558767730752	20.201276425682696	29.856044682693973	0.002266566290425318
8.0	29.61764374370287	20.18334158891885	20.112251771964583	30.084612854118753	0.002150041294941381
9.0	29.707314601026468	20.259202147749964	20.23244098375823	29.79744899021345	0.0035932772518910165
10.0	29.714254304268493	20.17706120668485	20.20131156626885	29.905196827214425	0.0021760955633709925
11.0	29.76462566442097	20.20640617198751	20.172158502529	29.854926101527724	0.001883559534796062
12.0	29.701356136583428	20.18655670699666	20.12832067795529	29.981797058899474	0.001969419565145367
13.0	29.694511657417237	20.187377276234578	20.173678148836572	29.94016211682552	0.0042708006860937365
14.0	29.67169461465005	20.22039510878434	20.187745095703043	29.918503189765065	0.0016619910974930206
15.0	29.557189094267994	20.1746395747181	20.168288548144854	29.835639615956467	0.26424316691258326
16.0	29.645135459578515	20.235405101957223	20.218527609375066	29.896200550913026	0.004731278176171373
17.0	29.555908784971553	20.270738742424417	20.2246343389769	29.946294028037702	0.002424105589426263
18.0	29.510330089630553	20.32896953873362	20.235293938811804	29.923055939567757	0.0023504932562615176
19.0	29.480734342778014	20.371673930740847	20.290315160223802	29.851190989648174	0.006085576609166267
20.0	29.534476616493695	20.30887039001268	20.304822670419	29.84880530307149	0.003025020003138806
21.0	29.49756589681861	20.356547240016663	20.329208571324152	29.812665388811695	0.004012903028882721
22.0	29.454650459438643	20.356127753014107	20.340343910704373	29.84676366558274	0.0021142112601362324
23.0	29.452762152478652	20.44037473001089	20.357255773627152	29.74734421528652	0.002263128596782737
24.0	29.469112522018566	20.420846641050566	20.363003254850444	29.742155026488742	0.00488255559168588
25.0	29.481793910645443	20.359813825339852	20.422852909028904	29.73258415399298	0.002955200992818791
26.0	29.44280686601016	20.408736919924046	20.438781203995067	29.706156723305543	0.00351828676518726
27.0	29.471039253495455	20.433649815369158	20.416572026598796	29.674101630724735	0.004637273811848039
28.0	29.446291240341377	20.432746925197733	20.426454685853578	29.68851929892101	0.005987849686306361
29.0	29.379155553782628	20.454280515023083	20.48998011113317	29.675135738431756	0.0014480816293629781
30.0	29.395337918534985	20.432152160688425	20.502380798445742	29.66458913378092	0.0055399885499307485
31.0	29.39754252410387	20.4534629492289	20.504803773324326	29.638554709875066	0.005636043467839233
32.0	29.36300183022274	20.481568422337382	20.51151216674342	29.641984944802363	0.0019326358940945604
33.0	29.441322851880997	20.471023716272022	20.495796659933397	29.588583346537433	0.0032734253761537357
34.0	29.37228483472884	20.511373935956946	20.554085534862292	29.555353128293493	0.006902566158427731
35.0	29.402221754470997	20.502827347685763	20.497693372908632	29.596602065227767	6.554597068392378E-4
36.0	29.36441077712016	20.501865947694622	20.490855873620113	29.639190383305557	0.0036770182595439634
37.0	29.352475202024884	20.48597411338774	20.527692793682395	29.631516508873702	0.002341382031279037
38.0	29.3564343923621	20.507870698193692	20.529927406432932	29.60256083477554	0.0032066682357271125
39.0	29.330902013746467	20.51958984624297	20.545899550341158	29.596882850223544	0.006725739445856009
40.0	29.40456300234007	20.471861509624144	20.53711428019282	29.581462253059897	0.00499895478307065
41.0	29.3938901413063	20.4870514050429	20.582087504336396	29.53358947084731	0.0033814784670875967
42.0	29.28403224866748	20.53725517663712	20.55897299198864	29.613942427500113	0.0057971552066482645
43.0	29.325164272565996	20.562491623547427	20.526501211033814	29.58036629159538	0.0054766012573875655
44.0	29.32878830583373	20.57550348633653	20.51672779715109	29.575355893863904	0.003624516814745281
45.0	29.360631528829412	20.544039535386062	20.55902820157517	29.5314473070096	0.004853427199756457
46.0	29.25667274770757	20.476848579962343	20.52689930508549	29.46780697309719	0.27177239414741133
47.0	29.305767610338805	20.579275820268176	20.5580595912022	29.550674466725525	0.006222511465293505
48.0	29.336080316784454	20.610808246823392	20.521374710280963	29.52737162094337	0.004365105167823545
49.0	29.342536100352046	20.60023124576999	20.544125665568707	29.509861864706753	0.003245123602503102
50.0	29.360089794557947	20.58169338662984	20.518125192791473	29.536416451042534	0.003675174978205384
51.0	29.35067691691129	20.56611665374822	20.55278506570924	29.52416148035929	0.006259883271959265
52.0	29.33043938966659	20.562967848873154	20.524771071019394	29.57560177611199	0.006219914328869896
53.0	29.31239284216232	20.592552778403167	20.54900845604932	29.541431554566255	0.004614368818937143
54.0	29.321060563633424	20.60117409786188	20.578898457324748	29.492718160930732	0.006148720249215693
55.0	29.315164490429595	20.606822936094694	20.604334654283168	29.468475878255322	0.0052020409372176375
56.0	29.36231447697544	20.532431604654114	20.57300079316434	29.527492266754667	0.004760858451441795
57.0	29.357861742544628	20.552777428390606	20.54618349888675	29.539842305313417	0.0033350248645936872
58.0	29.365567664692975	20.5696302597552	20.561347684273628	29.498563460508826	0.0048909307693712455
59.0	29.367855913034504	20.631505260094936	20.552369367744955	29.443095788628384	0.0051736704972287426
60.0	29.385103515744106	20.600128670203095	20.54378685967716	29.463907029085924	0.007073925289722513
61.0	29.332874449032236	20.617257488796024	20.51652464818547	29.528387286105968	0.004956127880303512
62.0	29.3237022695834	20.623050067779257	20.528173303701813	29.51831041221905	0.00676394671647654
63.0	29.35063375624881	20.622949604986747	20.538032441977254	29.48606751883848	0.0023166779487072396
64.0	29.367829678181845	20.591697051049245	20.551798142607552	29.48640201776333	0.0022731103980300474
65.0	29.36615441505097	20.580250483540052	20.542007338724204	29.507633679752786	0.003954082931984364
66.0	29.338393258413898	20.614072234709006	20.542142401333386	29.49927708646908	0.006115019074631591
67.0	29.328617988753813	20.66209485472151	20.466863595794475	29.536070282303513	0.006353278426688679
68.0	29.346345817990223	20.651584410268185	20.45210674103071	29.54728815652386	0.0026748741870180033
69.0	29.343765150182204	20.663708220673282	20.51760570022873	29.473266242569608	0.0016546863461742922
70.0	29.331429141987336	20.631236229256462	20.551362199120707	29.47868327755161	0.007289152083885378
71.0	29.32471605672664	20.6436958634672	20.554347105505542	29.471521291390708	0.0057196829099037194
72.0	29.331052145996928	20.629588371329667	20.51894331356451	29.51669578598068	0.0037203831282208275
73.0	29.36812341478527	20.610099375830504	20.539725381541345	29.477291622154933	0.004760205687950442
74.0	29.32661003021756	20.6256702065272	20.53196677066838	29.51100123306936	0.0047517595175001785
75.0	29.320216659552766	20.652692913178367	20.561914937695796	29.461014403015483	0.004161086557585524
76.0	29.36333295029551	20.62302955255236	20.51341924213353	29.495405239490214	0.004813015528382436
77.0	29.314980676725582	20.631976455598902	20.51153737756843	29.53670648520179	0.004799004905294724
78.0	29.343391229868352	20.616794048905117	20.54174670164798	29.494359675749983	0.003708343828568705
79.0	29.30386852124221	20.65553927326091	20.560182059668584	29.47478981583389	0.0056203299944050855
80.0	29.330924508283495	20.640566092007994	20.54295525690504	29.47821490286529	0.007339239938178484
81.0	29.32324828314542	20.607305385007578	20.56300393618193	29.504811727868418	0.0016306677966548759
82.0	29.37972939163082	20.538850928443846	20.559852968077124	29.51889972902	0.002666982828210091
83.0	29.353768843132833	20.564896571906612	20.572461158776196	29.502543893505408	0.0063295326789516515
84.0	29.327027809418503	20.64820558053598	20.532678411485037	29.485883699798837	0.006204498761645486
85.0	29.364424941518063	20.631268424479185	20.492599804459992	29.50778309550195	0.003923734040813034
86.0	29.34752048908517	20.633615653682707	20.49063997698348	29.52595915586628	0.0022647243823582064
87.0	29.33095116026697	20.61866723137394	20.52464993614648	29.52346733970931	0.002264332503293847
88.0	29.34726677539603	20.623890736412047	20.538234800857254	29.48375663931655	0.006851048018121568
89.0	29.358546148709042	20.622078886504273	20.52888451672252	29.48561136292852	0.0048790851356466025
90.0	29.324851255649552	20.635838375199775	20.51568999938498	29.516644278292652	0.006976091473040817
91.0	29.313439571541828	20.63982935972996	20.509732560469125	29.53180234943078	0.005196158828311334
92.0	29.33223242117326	20.655281788834717	20.461244296388912	29.546423974571024	0.0048175190320809075
93.0	29.353743870032517	20.641362277877086	20.464035741380428	29.53753193280699	0.003326177902983472
94.0	29.35338498152414	20.672944140623503	20.4498852796998	29.51913281731854	0.004652780834025398
95.0	29.321064796017975	20.686199807634434	20.52049842749941	29.46700858413194	0.005228384716240309
96.0	29.351783950525896	20.65641026361072	20.487314978085298	29.4983486333591	0.00614217441899062
97.0	29.376705606736415	20.63510172951197	20.493261725760938	29.490356004722607	0.004574933268066274
98.0	29.382227612144092	20.62002803076708	20.47336615032641	29.51819193262766	0.006186274134762903
99.0	29.349875565912704	20.652887262917503	20.474149170061565	29.516891659353362	0.006196341754869502
100.0	29.376020734824504	20.609752516000924	20.498133785113836	29.512478093650778	0.0036148704099568064
101.0	29.380482739613495	20.609071685616673	20.49427086787557	29.512978403959266	0.0031963029349991855
102.0	29.375166810477793	20.602069965836638	20.5107938951576	29.507615893880384	0.004353434647588954
103.0	29.36921528847718	20.64155579146989	20.49086535795338	29.4920751978433	0.006288364256250251
104.0	29.311658550503424	20.60845506053798	20.401805801592893	29.405902651195483	0.272177936170222
105.0	29.381687045970246	20.63602907316686	20.45969094959618	29.517796316489935	0.004796614776783693
106.0	29.426083071515297	20.580162610546015	20.473414297228693	29.51679570448858	0.0035443162214157083
107.0	29.423879008484338	20.59823201024178	20.464167000534307	29.508248966435747	0.005473014303831371
108.0	29.43146041693708	20.635923009889858	20.457181126467777	29.469798764908063	0.005636681797220266
109.0	29.370303026469763	20.658359217382483	20.407279009161403	29.56076175933635	0.003296987649995217
110.0	29.431971004126677	20.607319603707623	20.393743466466443	29.562002050627473	0.00496387507177804
111.0	29.464685966666465	20.601023927438877	20.413233758546152	29.51425381917318	0.006802528175327501
112.0	29.456566835996618	20.5883226389403	20.416239066790663	29.53569479371544	0.0031766645569815074
113.0	29.466335895932172	20.592053935908382	20.402269939619664	29.53707508730658	0.0022651412332014027
114.0	29.488145352832124	20.566156398100492	20.429760064313328	29.512253205182233	0.0036849795718217966
115.0	29.46067312215438	20.559548710172756	20.42648748799859	29.552704415505332	5.862641689412213E-4
116.0	29.431910112647998	20.60980180114814	20.404131012886502	29.547166503855777	0.006990569461581676
117.0	29.44378572186973	20.570456176481137	20.370375635091833	29.612170392062897	0.003212074494401749
118.0	29.46590748251825	20.58835179863163	20.39828390346166	29.545551555847616	0.0019052595408397166
119.0	29.49423084854303	20.578170285419446	20.384263513083443	29.537688069334322	0.005647283619755349
120.0	29.52697078574502	20.567213355617568	20.36644164749734	29.533871493887666	0.005502717252406674
121.0	29.56395019224648	20.530841983643803	20.35461387461598	29.549164338633243	0.0014296108604915595
122.0	29.546737812451173	20.50041400001302	20.34191998366518	29.604952227115916	0.005975976754712035
123.0	29.518544177115796	20.488774269133568	20.356585657277588	29.631525750969946	0.0045701455031044785
124.0	29.556706932213327	20.507726171000574	20.350795771730944	29.581263206759452	0.0035079182957035624
125.0	29.597650825164685	20.489010680022794	20.291525329719835	29.618812726135147	0.003000438957542169
126.0	29.629473292735973	20.42070112865341	20.31712181194457	29.62787820463437	0.004825562031670528
127.0	29.61991518326762	20.425103473505086	20.341455629861468	29.61125033182799	0.0022753815378406374
128.0	29.692106962579075	20.409479935567695	20.280510197545862	29.615836960427565	0.0020659438798056665
129.0	29.662971416312388	20.41133670370641	20.296777024254254	29.62492092377006	0.003993931956887442
130.0	29.72469787179272	20.373634338710694	20.241031278833074	29.657571354628214	0.003065156035297143
131.0	29.73337907938972	20.347451000510034	20.268672580302553	29.644502568940624	0.0059947708570697094
132.0	29.780699535603745	20.30588441639315	20.237387599633937	29.673669702612347	0.002358745756825515
133.0	29.77766879113726	20.30534578014888	20.19451950276435	29.720000554092536	0.002465371856977158
134.0	29.751672356671456	20.297659719316396	20.170600245868144	29.775294715187574	0.004772962956428719
135.0	29.707182408805906	20.23125480940243	20.102056437160165	29.69395817763821	0.26554816699329326
136.0	29.797332416296797	20.237129726396873	20.115540984921587	29.84839764459651	0.0015992277882355586
137.0	29.805358084786466	20.232768295534367	20.095193903840812	29.862383307455175	0.0042964083831856245
138.0	29.815344803641263	20.200703777086996	20.10378174752427	29.87822591694374	0.0019437548037363425
139.0	29.708194691600088	20.246828640282967	20.141866814256304	29.901253578166664	0.0018562756939783371
140.0	29.774626276828513	20.260869405229112	20.103457291710374	29.85889576168977	0.0021512645422309927
141.0	29.68753097758516	20.289350869177014	20.148945937927383	29.870575772020413	0.0035964432900309103
142.0	29.96034673908835	20.181974786918254	20.08919812409969	29.766353641112207	0.0021267087814942514
143.0	29.717621353596872	20.281731758142282	20.08109577565216	29.917298312931067	0.0022527996776195492
144.0	29.622304176673804	20.58447774800177	19.93570715232833	29.85383553843742	0.003675384558676455
145.0	29.451937746097904	20.49727673145002	20.113409625880085	29.935535482468158	0.0018404141038271657
146.0	29.934764642382568	20.40611552812348	19.75033296998481	29.906631877926916	0.002154981582224449
147.0	29.878785259612144	20.27553480552484	20.083980675760753	29.76096817491901	7.310841832491019E-4
148.0	29.85442451642098	20.10423169957679	19.83496919143206	30.202656131886275	0.003718460683892092
149.0	29.772001451899605	20.012408099504498	19.414424731513776	30.783964737833603	0.017200979248516914
150.0	30.151685873245594	18.388709387648852	20.20503239918616	30.385643342765956	0.8689289971534382
151.0	NaN	NaN	NaN	NaN	NaN
