# Position (bp)	A	C	G	T	N
0.0	30.07709727795681	20.251550352520066	18.29997630067465	29.996628484474524	1.374747584373947
1.0	30.65701716582642	19.475090260493737	19.91376287211544	29.9526317028586	0.00149799870580163
2.0	30.04160253675315	19.92019772938821	20.033389842358396	30.003174613815986	0.0016352776842646192
3.0	29.606953518778706	20.187504496837732	20.206441441749508	29.99781711018802	0.0012834324460389063
4.0	29.74676858882086	19.85276010790826	20.36271022015849	30.035422486013847	0.0023385970985434325
5.0	29.79976715963059	20.164760333730296	20.441740923452205	29.59314303152003	5.885516668741031E-4
6.0	29.74657161093589	19.936419940422763	20.525110590056297	29.786125759507414	0.0057720990776347425
7.0	29.764034708834824	20.161262299143186	20.215089169751625	29.85713665339395	0.0024771688764149945
8.0	29.61071999716473	20.191538673252296	20.11619236840703	30.08060565268837	9.433084875757573E-4
9.0	29.69519312594404	20.261094363817755	20.2343200594737	29.805685818086445	0.003706632678053981
10.0	29.696022051066173	20.179435332845788	20.211931950045148	29.910298983482807	0.0023116825600817794
11.0	29.741090129824997	20.19288397511852	20.184300668471135	29.877370533323866	0.004354693261476409
12.0	29.704295896833887	20.14851907502596	20.126737357171983	30.01932995073777	0.0011177202303945775
13.0	29.69034015364992	20.18447197177856	20.163769712750522	29.959770961242793	0.0016472005782029475
14.0	29.670483002605458	20.19928223970002	20.203991942729974	29.924143693930834	0.002099121033712468
15.0	29.65379683654626	20.187539375265857	20.218904780113185	29.938201648394525	0.001557359680172657
16.0	29.62214608594291	20.181282387684917	20.242890677518012	29.94887344015163	0.004807408702528792
17.0	29.550196759594794	20.28092304799959	20.227878469934584	29.93868716807164	0.002314554399385444
18.0	29.52656449388999	20.31955504863085	20.232875938865114	29.91733073065104	0.003673787963007057
19.0	29.498260223406604	20.360437544241737	20.27946035006897	29.86053015926548	0.0013117230172073285
20.0	29.531789637113974	20.305767403128307	20.307442867788097	29.852534783337553	0.0024653086320686993
21.0	29.501055077336108	20.341774199244313	20.327529870752098	29.82445341049249	0.005187442174989998
22.0	29.454031884616384	20.34861711028708	20.343851365664285	29.849841533830595	0.0036581056016519184
23.0	29.45953454918574	20.419526961893336	20.35669751803531	29.76029368287869	0.00394728800692317
24.0	29.46444502707345	20.40547457810007	20.369722882427478	29.757183741551547	0.0031737708474551553
25.0	29.47874090097017	20.35643008282525	20.427099318552568	29.7315656704673	0.006164027184715191
26.0	29.452273823568387	20.390531958341036	20.42624177396105	29.728757353347767	0.0021950907817584425
27.0	29.461767783050973	20.412893330361996	20.412873187017794	29.706706637798774	0.005759061770460636
28.0	29.457681221436445	20.43031310974793	20.41602910666215	29.693784264995386	0.002192297158083705
29.0	29.388853567937073	20.44313024312689	20.48545503785009	29.677485027818797	0.005076123267145911
30.0	29.405092317572855	20.419811103083912	20.503115223976906	29.669968883008913	0.0020124723574146903
31.0	29.411620111831947	20.439470033067842	20.506128057504615	29.634311930229995	0.008469867365601721
32.0	29.396238903917894	20.452999880629893	20.490337100651946	29.6581410278187	0.0022830869815634878
33.0	29.438585725397203	20.45455775379798	20.502065315232997	29.603566105986584	0.0012250995852342262
34.0	29.37560956164285	20.504364157183634	20.529088419622614	29.58811893354994	0.0028189280009580263
35.0	29.404170917975392	20.492675308841786	20.494762758912973	29.60459442112769	0.0037965931421613855
36.0	29.406757688591608	20.46820880724904	20.48203130235624	29.63627242250677	0.006729779296339708
37.0	29.36590148033971	20.474332222214358	20.517039426932257	29.640553270599202	0.0021735999144740135
38.0	29.359480693547656	20.498631708449526	20.523012417345885	29.615483419898897	0.0033917607580342397
39.0	29.337018030559058	20.507931046008935	20.54844393954786	29.60146972746181	0.005137256422340742
40.0	29.409599698013444	20.462633832765796	20.539354010917723	29.583474110642243	0.004938347660793102
41.0	29.384943543210312	20.479265211427595	20.559147165317277	29.576190628687783	4.534513570285529E-4
42.0	29.322599015674637	20.496202851750294	20.54132931174371	29.633889320961256	0.00597949987010569
43.0	29.346110330421155	20.545741415871884	20.516877318745284	29.590558583337057	7.123516246214049E-4
44.0	29.333388383720262	20.559508328799495	20.521628953290296	29.582674305398086	0.002800028791859635
45.0	29.361139987585105	20.52366873767875	20.544216341618263	29.56249219719688	0.008482735920999481
46.0	29.367817554000382	20.521063647917533	20.563102137926506	29.543697763991673	0.004318896163908778
47.0	29.306938053708453	20.555787934714363	20.552593848160456	29.580333716568834	0.004346446847891872
48.0	29.33738882790004	20.59651524035697	20.515007142202272	29.539789142050953	0.011299647489764494
49.0	29.350137659528112	20.59081509885208	20.535113838825676	29.514899434165994	0.009033968628141074
50.0	29.364515329786407	20.560377772415837	20.516034917472215	29.55524727467979	0.0038247056457541098
51.0	29.361994677557153	20.552783212802517	20.55351671107251	29.53030709652525	0.00139830204256775
52.0	29.33882515840591	20.548191383153956	20.525376218442847	29.584281149739372	0.003326090257908431
53.0	29.33938249929895	20.56897899246019	20.535766359214342	29.549710744047324	0.0061614049791946105
54.0	29.32678779958356	20.597424163007492	20.56944044395599	29.50502819585593	0.001319397597029981
55.0	29.345008529582127	20.571054320817083	20.559000339103605	29.51800822073128	0.00692858976590281
56.0	29.369402599128186	20.52172864778024	20.57219000618416	29.53218884439364	0.00448990251377371
57.0	29.363105825223062	20.541871166246207	20.54394700045766	29.5451453127152	0.005930695357873222
58.0	29.373314861887152	20.554790344016773	20.554997677765503	29.506585271282322	0.010311845048257674
59.0	29.375596830584133	20.612339116961092	20.541914826830208	29.466214415497667	0.003934810126897763
60.0	29.396030787089384	20.58430393342095	20.53894194461516	29.476006901637135	0.004716433237361444
61.0	29.3449245715942	20.606816420801085	20.515051498046112	29.53245342353194	7.540860266607939E-4
62.0	29.330315312133138	20.59841710623356	20.50627808405425	29.55845955375266	0.00652994382639272
63.0	29.357247954977446	20.597578637495335	20.53167298465346	29.5017873245719	0.01171309830185727
64.0	29.36642678860496	20.578108666755483	20.539785910279225	29.51088212922493	0.004796505135402104
65.0	29.376330274546525	20.56291565145039	20.538312739922493	29.519618732389237	0.002822601691357671
66.0	29.348190513787397	20.58724090082669	20.52654175496042	29.532943176309363	0.005083654116132799
67.0	29.33209495314622	20.64681765560664	20.466721191202016	29.544727421179246	0.009638778865877785
68.0	29.354637083506663	20.63957067788409	20.449275229646847	29.555929357631676	5.876513307236041E-4
69.0	29.34472444383512	20.631137644584417	20.508450787187304	29.50508279242848	0.010604331964676505
70.0	29.354122717959854	20.610634262111905	20.538923752982146	29.488321142696716	0.007998124249377903
71.0	29.332512251543573	20.629971790754688	20.550441097893763	29.47900866224014	0.008066197567828729
72.0	29.343321412687303	20.616267726303345	20.514817358871237	29.522771122750953	0.002822379387170362
73.0	29.377892028722247	20.595161326110052	20.52947217935642	29.495366066673572	0.0021083991377041735
74.0	29.331994456709488	20.60901848505573	20.531051157304393	29.519999710518896	0.007936190411491654
75.0	29.359434032440667	20.60844602916207	20.530367462428035	29.494092998102943	0.007659477866283121
76.0	29.37289218145297	20.60930982170123	20.507952791455093	29.501930641375264	0.00791456401544862
77.0	29.331164312762077	20.611898260852282	20.51004049910591	29.544780589204002	0.0021163380757378953
78.0	29.35022759386871	20.602871988832202	20.537887122301278	29.506197274265134	0.002816020732677043
79.0	29.309334623727068	20.642938926893628	20.555833849088927	29.483811651373067	0.008080948917309694
80.0	29.339827769626293	20.621383063907842	20.530109295068762	29.50072234401917	0.007957527377930575
81.0	29.355590239634676	20.583361898980005	20.543812805640393	29.50661882226513	0.010616233479796126
82.0	29.383889849374917	20.526941415902133	20.555732443427594	29.532862255723746	5.740355716075512E-4
83.0	29.36167466602676	20.551825263379698	20.56459021481928	29.512265162628943	0.009644693145320455
84.0	29.35596253771427	20.621992313808	20.5182965930908	29.49866429245351	0.00508426293342119
85.0	29.374990612724694	20.620595214216674	20.485684224760597	29.51592663082917	0.002803317468865074
86.0	29.37045230166192	20.614308571627188	20.481817134096296	29.52864778051172	0.0047742121028801765
87.0	29.347601878344392	20.6025728849567	20.50677121314267	29.531319592175908	0.011734431380333536
88.0	29.38814315321569	20.58887897655118	20.518388783935297	29.498099631103397	0.006489455194440811
89.0	29.36721259256565	20.610073813097582	20.52518000571439	29.49677722540192	7.563632204590207E-4
90.0	29.333479081808594	20.621768598305152	20.504684935540222	29.53532293899196	0.00474444535406703
91.0	29.340263325036233	20.617539335491802	20.497394833021538	29.54088877232013	0.003913734130298016
92.0	29.3457983832895	20.63174296972976	20.453417155032355	29.558739847936227	0.010301644012156955
93.0	29.36051442382771	20.629536157978084	20.46294868468557	29.541031264719987	0.0059694687886491715
94.0	29.366021564448268	20.657237757907087	20.449334485904483	29.522922077407927	0.004484114332233174
95.0	29.369516371474365	20.633701430988786	20.492549197240436	29.49727056433098	0.006962435965434947
96.0	29.371437788290113	20.632506846571182	20.496041805260646	29.498726068957527	0.0012874909205328343
97.0	29.390097715187242	20.61095169912215	20.47645081602304	29.51631079923428	0.006188970433288271
98.0	29.395001896184013	20.60248888906426	20.47051852303173	29.5286605258735	0.0033301658464966167
99.0	29.364130656130822	20.635931377589714	20.468562576741167	29.530018850492556	0.0013565390457434456
100.0	29.39502637397534	20.596732552795995	20.482854785797034	29.521575913437292	0.003810373994337871
101.0	29.392563565183234	20.593158170617293	20.483871260930528	29.521363971547547	0.009043031721401456
102.0	29.39381619118714	20.58244076758573	20.5071537725711	29.505268446532014	0.011320822124013998
103.0	29.39763574898389	20.62735960815476	20.47361963841774	29.497059567886357	0.004325436557253844
104.0	29.38712516168448	20.64096775623763	20.452839496522348	29.514782043521638	0.004285542033903722
105.0	29.420938778580634	20.60761245212855	20.444108418563804	29.51880422412047	0.008536126606543336
106.0	29.440387982412446	20.569181982825135	20.469568218374565	29.518062779083753	0.0027990373041037924
107.0	29.440408471988693	20.572747570220884	20.45456100295838	29.531601448911935	6.815059201060376E-4
108.0	29.449671687619993	20.608457959822424	20.421891991160145	29.513993328674243	0.005985032723198368
109.0	29.4168623275624	20.622870381873273	20.40312537924812	29.55670894963796	4.32961678252518E-4
110.0	29.443086701997277	20.59269952554872	20.39380824353063	29.56548772203398	0.0049178068893977215
111.0	29.474566641952098	20.585315904470697	20.411272951733235	29.523677726951057	0.0051667748929106186
112.0	29.468342453287605	20.574200663014704	20.4113807564467	29.54267691824785	0.0033992090031396884
113.0	29.477891244209008	20.569063653413515	20.39728847025235	29.553610110766886	0.0021465213582388693
114.0	29.48633106501096	20.54245268125781	20.40234395248996	29.562155779473777	0.006716521767494889
115.0	29.46916619012959	20.546954370348118	20.424432760329054	29.555657506623984	0.003789172569256029
116.0	29.468501892140914	20.572020618328335	20.400404929483138	29.556267300186516	0.002805259861095951
117.0	29.461106953263	20.56744740763457	20.358406554016046	29.611843645524267	0.0011954395621145838
118.0	29.491869666783575	20.552620030811543	20.376645281361053	29.576617211839316	0.002247809204508287
119.0	29.494763457917994	20.56342742739384	20.378791170484625	29.55453482595341	0.008483118250128539
120.0	29.53490361744972	20.555745831801143	20.363775455470915	29.543611529616943	0.0019635656612818865
121.0	29.57058275242816	20.513697569212237	20.351370413523956	29.55922932140923	0.005119943426412124
122.0	29.550619482001473	20.477237042887328	20.347511821066135	29.62241597121117	0.0022156828338914165
123.0	29.549714509054326	20.472579764391096	20.341833596081347	29.630033918353593	0.005838212119640457
124.0	29.577613426085357	20.480299694926494	20.339158951340476	29.600728740932748	0.0021991867149259094
125.0	29.605827771306163	20.47722633367826	20.28949298388489	29.62125710653011	0.006195804600571067
126.0	29.647821133976255	20.412075953825784	20.311046073918895	29.625863741084395	0.003193097194670357
127.0	29.640114022504548	20.417630515434524	20.32092759978688	29.617362908255256	0.003964954018792515
128.0	29.69273842687205	20.40153248942079	20.283362915614756	29.618676521362687	0.0036896467297167276
129.0	29.682714807685613	20.39332408831262	20.288524781504332	29.63017657966874	0.0052597428286930955
130.0	29.735645792681385	20.359674957494907	20.24493415398535	29.657277947402793	0.002467148435554346
131.0	29.748930802699576	20.32068350982563	20.261917666213694	29.66713784774982	0.0013301735112782125
132.0	29.779916163079477	20.289932162272308	20.23425855504083	29.69220013812824	0.0036929814791417243
133.0	29.77722943725667	20.289714507387714	20.21268369353785	29.718012827233753	0.002359534584009715
134.0	29.802250686105513	20.306108212683817	20.126045609301286	29.760761779117257	0.004833712792123121
135.0	29.819892052751364	20.260877975682014	20.124393479027187	29.793261918990275	0.0015745735491616026
136.0	29.805958993259424	20.23960838225907	20.10478014322573	29.847551515323325	0.0021009659324500904
137.0	29.831636080897805	20.214693919424633	20.095854883851842	29.856155956883114	0.00165915894260554
138.0	29.86246116451326	20.18119860306318	20.07307183846992	29.882142375785904	0.0011260181677337103
139.0	29.735087716095055	20.24407502919559	20.1335172463752	29.88294336334201	0.004376644992149797
140.0	29.7848936244102	20.25970356916134	20.11111287325744	29.84196481859302	0.0023251145780072255
141.0	29.698581624200738	20.276823536715977	20.153739918595953	29.867109627080634	0.003745293406698134
142.0	29.956837393414425	20.176673106776054	20.10239437534232	29.763139912789054	9.552116781394895E-4
143.0	29.723477348732864	20.282038915017843	20.081215227381104	29.910771638850292	0.002496870017900883
144.0	29.650382390298454	20.58594713739142	19.888213133076942	29.869665851911954	0.0057914873212277515
145.0	29.46754905652771	20.482495269014112	20.11624981137764	29.93311066366648	5.951994140640532E-4
146.0	29.93076032327585	20.390764332479723	19.76852286156858	29.90759986111068	0.002352621565163916
147.0	29.88038117251427	20.263288979226086	20.10091330089511	29.754121057932643	0.001295489431889622
148.0	29.857438040099048	20.09101246588968	19.843223989040602	30.20668700977911	0.001638495191558762
149.0	29.819456216406024	19.959951767090242	19.414905637444384	30.804181224626788	0.0015051544325628743
150.0	29.87078132820885	18.322220622490327	20.19317210953912	30.230663244375567	1.3831626953861333
151.0	NaN	NaN	NaN	NaN	NaN
